name ;city;year
Беседа ;Берлин;1923
Благонамеренный ;Брюссель;1926
Веретеныш;Берлин;1922
Версты;Париж;1926
Вестник русского христианского движения;Париж;1925
Вещь;Берлин;1922
Возрождение;Париж;1925
Воля России;Прага;1920
Встречи;Париж;1934
Голос минувшего на чужой стороне;Париж;1926
Грядущая Россия;Париж;1920
Для вас;Рига;1933
Дни;Париж;1928
Жар-птица;Берлин;1921
Журнал содружества;Выборг;1933
Зарница;Нью-Йорк;1925
За свободу;Варшава;1920
Звено;Париж;1923
Зеленая палочка;Париж;1920
Знамя;Берлин;1921
Иллюстрированная Россия;Париж;1924
Кочевье;Париж;1928
Литература и жизнь;Рига;1928
Меч;Варшава;1934
Молва;Варшава;1932
Накануне;Берлин;1922
Новая газета;Париж;1931
Новая русская книга;Берлин;1921
Новое время ;Белград;1921
Новое русское слово;Нью-Йорк;1919
Новый град;Париж;1931
Новый дом;Париж;1926
Новый корабль;Париж;1927
Общее дело;Париж;1918
Огни;Прага;1921
Окно;Париж;1923
Перезвоны;Рига;1925
Понедельник ;Шанхай;1930
Последние известия;Ревель;1920
Последние новости;Париж;1920
Путь;Париж;1925
Россия;Париж;1927
Россия и славянство;Париж;1928
Рубеж;Харбин;1927
Руль;Берлин;1920
Русская мысль;София;1921
Русские записки;Париж;1937
Русский голос;Нью-Йорк;1917
Русский инвалид;Париж;1930
Русский колокол;Берлин;1927
Русский Сорренто;Сорренто;1924
Сатирикон;Париж;1931
Своими путями;Прага;1924
Сегодня;Рига;1919
Слово;Париж;1922
Слово;Рига;1925
Смена вех;Париж;1921
Современные записки;Париж;1920
Сплохи;Берлин;1921
Старое и новое;Ревель;1931
Старый Нарвский листок;Нарва;1923
Студенческие годы;Прага;1922
Таллинский русский голос;Таллин;1932
Удар;Париж;1922
Числа;Париж;1930
Шанхайская заря;Шанхай;1925
Эпопея;Берлин;1922
Эхо;Ковно;1920